100
 0.895577934131594 0.3043344446762616 -0.0035542168191656474 -5.690388239023734E-4 0.02 13800.0 93 109 84
 0.32772698750902635 0.11187202255412562 3.227129119233274E-4 -0.0015829174980938835 0.02 13800.0 237 172 120
 0.3300079653254403 0.9495301303520419 2.81700517473232E-4 0.0019414736688193835 0.02 13800.0 202 132 208
 0.7329882889629337 0.4855251027754406 0.0025258508401328943 -9.093797371489193E-4 0.02 13800.0 71 71 46
 0.8031576228810631 0.7124704988913204 -0.0019868395980156594 0.0016373770707668756 0.02 13800.0 231 81 249
 0.9462632676083349 0.5803700293122214 0.0017193954674051253 6.918064454201366E-4 0.02 13800.0 13 173 65
 0.05911563088956508 0.7151138548885654 0.0043139806465245486 -3.577011122290843E-4 0.02 13800.0 108 127 42
 0.8617650727769361 0.04868890948585222 0.006303650330619034 -7.203073851254631E-4 0.02 13800.0 25 208 87
 0.12854474969500454 0.4672425295670365 2.59223026890324E-4 -0.0023682183891374 0.02 13800.0 55 76 4
 0.7246332163891831 0.5695494895997197 5.586229098242827E-4 -0.0014536688674952059 0.02 13800.0 38 182 240
 0.5586286738646813 0.483089428775955 -1.944418102182697E-4 0.001547729609678374 0.02 13800.0 69 227 139
 0.9438207693702726 0.1364764871098575 -0.0025423142687899416 0.0018440447606075552 0.02 13800.0 174 195 31
 0.6680005545237112 0.8366318516106482 -0.0016987446851590674 1.8969103243408284E-4 0.02 13800.0 141 101 122
 0.9422286615653647 0.3204634757002294 0.007047368556362533 8.79394383269865E-4 0.02 13800.0 25 128 19
 0.1361940952648333 0.5158328956299558 -0.0033787393894660054 0.002868338841080401 0.02 13800.0 110 52 205
 0.8325821825857832 0.31936386437935227 4.298924990082621E-4 0.0020492018021484866 0.02 13800.0 3 109 88
 0.6308849470678022 0.9587556107113875 0.001514964929183185 -0.0031756964706303936 0.02 13800.0 47 212 107
 0.2606267176621804 0.49175116257867363 0.0030735132671850223 9.624443860475403E-4 0.02 13800.0 15 166 115
 0.9005989875886223 0.5797315074647228 0.001607636527276898 4.5695465131334915E-4 0.02 13800.0 93 90 37
 0.7751821452111388 0.5628092885718707 -2.755609813412819E-5 4.610893049067765E-4 0.02 13800.0 196 233 123
 0.6703351264181933 0.7590331183589736 0.0018441640269137283 0.0018579549440564504 0.02 13800.0 17 111 154
 0.2505297243812736 0.9645422061794134 -0.009424958381929853 -0.004884935001694945 0.02 13800.0 49 103 176
 0.9078666846426682 0.8160672424764005 0.001032016495616408 0.002086212855272761 0.02 13800.0 85 65 134
 0.22942762276063158 0.10992631064061288 4.665672641071621E-4 -0.002141184675386486 0.02 13800.0 13 165 107
 0.4512246858122011 0.20179006985933626 0.0031224618449000752 -6.872752186905689E-4 0.02 13800.0 213 84 45
 0.12362079943669542 0.22599975450183246 -0.0016870624735346542 -0.003046819373439622 0.02 13800.0 80 114 21
 0.9183496238683746 0.19551340405110584 3.984114245518685E-4 0.003653753391683571 0.02 13800.0 202 64 150
 0.35494771333220443 0.14928305960362387 -7.814351365860103E-6 0.0015632775684412854 0.02 13800.0 164 120 47
 0.3608941203728712 0.4600674551149138 -0.0020106187083247917 0.0024147841456455795 0.02 13800.0 27 119 154
 0.2448062703853469 0.397204811799222 -0.005499647569031858 9.561185330718102E-4 0.02 13800.0 201 131 124
 0.5840671049234154 0.6309463584499443 0.008467548055707697 -0.002207079102935631 0.02 13800.0 119 207 42
 0.32616096936306155 0.8283433855455375 -0.003120285432313386 5.791349611049355E-4 0.02 13800.0 22 247 159
 0.97221307711075 0.49755584339405085 0.0047817525064408894 -0.003133277033023522 0.02 13800.0 228 29 60
 0.7403275960375094 0.22022511789849106 0.002290862433610521 0.007144630567645294 0.02 13800.0 83 38 100
 0.0882071875645638 0.5728905479887746 -0.001108227309040899 1.690288568446112E-4 0.02 13800.0 141 97 213
 0.5390588021357475 0.12418987226325336 5.31563967550777E-4 0.0012311024968158467 0.02 13800.0 33 78 89
 0.8608044421110358 0.9446559515143611 -0.006208818593865654 0.0011092697252136734 0.02 13800.0 127 160 235
 0.28181481702754196 0.07211190225643802 9.649648079779372E-4 0.0014282199512131446 0.02 13800.0 7 37 191
 0.8698768927502075 0.8348251277694895 -0.0011177937263465846 0.007156473391984275 0.02 13800.0 155 207 250
 0.3230462279941187 0.787371519008592 -0.0020825046980486117 0.005607056362530502 0.02 13800.0 170 165 7
 0.42210916369346935 0.7909021610854994 6.922661058801052E-4 -0.00243333123190953 0.02 13800.0 152 130 48
 0.22550013065260424 0.770978054312953 5.64053671237328E-4 -3.170671512431802E-4 0.02 13800.0 128 163 175
 0.23957676757530255 0.6800044504336471 -0.006945640666452729 -0.008703726927679897 0.02 13800.0 37 158 222
 0.4358220244943075 0.348926670089128 -0.005921519201178369 0.0015798854204895733 0.02 13800.0 201 149 186
 0.9165463172003747 0.7354293886394708 -0.003180903807290477 -0.001602300894460099 0.02 13800.0 144 52 15
 0.16992625758030025 0.33316085261743017 -8.253688817342645E-4 -3.1119370837894705E-4 0.02 13800.0 204 147 204
 0.10923681157880534 0.029226792354069046 0.004156471520998444 -0.0030761162559104576 0.02 13800.0 209 218 28
 0.513329416205519 0.3195601883912235 1.2421466931636285E-4 -0.0011654912217407278 0.02 13800.0 63 109 225
 0.7095451049009701 0.2932497051065071 6.707932730631397E-4 1.6563019989261456E-4 0.02 13800.0 29 237 82
 0.3644129376233051 0.5254595975542155 0.005515431410319351 -0.0048541438433079755 0.02 13800.0 149 104 157
 0.5039214512219475 0.6544587293843148 -0.0020072848873564915 0.003919276269268612 0.02 13800.0 7 146 89
 0.12139288315514245 0.6099373056873084 0.0014301207337891041 0.004635807381204178 0.02 13800.0 126 88 61
 0.7033009511645562 0.432356662405461 -1.449097900868149E-4 0.002452093988414436 0.02 13800.0 66 131 131
 0.4564441754513074 0.8354969591754218 -2.4213712981302135E-4 -0.003407969981385339 0.02 13800.0 9 87 98
 0.7460789665475436 0.05755484251168732 -1.3786694100865159E-4 -0.0039895340641652385 0.02 13800.0 146 111 195
 0.11896380792890068 0.8527108779632699 0.003138591175066272 -0.001296646760613732 0.02 13800.0 23 81 99
 0.8133191232735537 0.5877155744225513 -0.00237753745745673 -0.007314688707093079 0.02 13800.0 131 40 23
 0.39930409925510957 0.8826385402887694 -8.39828947531114E-4 0.001560530149227489 0.02 13800.0 222 75 142
 0.8932636048553605 0.6234564311924214 0.0038866470703452895 -0.003029914961163285 0.02 13800.0 110 126 32
 0.6025908056197072 0.7098223877267616 5.011187098594811E-4 -0.004430895639423832 0.02 13800.0 121 217 42
 0.02401653700831849 0.7451542538917184 -1.4687069698953066E-4 -0.007989107458430256 0.02 13800.0 163 251 130
 0.2948423478561879 0.3573988984465873 -0.005779722488877692 0.0030363241774751283 0.02 13800.0 34 224 9
 0.9468432798644901 0.43599997784780614 0.003976280360304403 -4.781936937383897E-5 0.02 13800.0 77 231 106
 0.5472251927853674 0.8349670107442373 0.0046802124844499944 0.002159815991118322 0.02 13800.0 245 236 213
 0.16234297962296784 0.4096486267133622 -9.203455455649599E-4 -0.0053281674113452885 0.02 13800.0 248 87 220
 0.6330175702621026 0.11392077910067352 -0.004913882209360674 -0.004860784742867536 0.02 13800.0 110 37 164
 0.1534820379936026 0.7073112414099286 -0.005902362202258279 0.001521121141041309 0.02 13800.0 182 243 17
 0.27325201735758814 0.20144694524116197 -0.010329917431232821 -1.1278398849459085E-4 0.02 13800.0 251 94 231
 0.039967665543633416 0.8376667230758345 -0.0035963322203351727 -0.0010810115980853865 0.02 13800.0 128 241 138
 0.31176088741733876 0.15280767971706352 -0.00672240693875058 0.0011716854647559043 0.02 13800.0 209 212 64
 0.44438471892820036 0.5282301645877161 -9.290814909069236E-4 0.0014969313639841783 0.02 13800.0 176 200 170
 0.029950654957746962 0.8839826228511266 -0.0012304969630406453 0.002100689698833994 0.02 13800.0 232 35 252
 0.8127867984924385 0.9426726486859451 0.008744650499012028 0.0018768095439754664 0.02 13800.0 27 71 27
 0.7800174245519501 0.1792764555152075 -0.005460274835489601 -0.005592679725465465 0.02 13800.0 181 215 109
 0.8464522509763309 0.22176279200137256 -0.0010856609119914498 -0.005976350961441944 0.02 13800.0 208 245 218
 0.746322333445694 0.4214626612972568 0.006438152755031847 0.0015616638485599172 0.02 13800.0 5 58 105
 0.5223511170256435 0.5987089691173124 -0.0049486404006476485 -0.005266672362860684 0.02 13800.0 76 234 8
 0.3074145062900979 0.22548139575919157 0.0025072803517899624 -2.971080290342385E-4 0.02 13800.0 225 107 193
 0.6583666949086773 0.3927686517431136 -0.004792433716445562 0.006694910967240679 0.02 13800.0 120 53 125
 0.5724702171461121 0.5708429021836122 -0.001213776877398803 9.580001428068996E-4 0.02 13800.0 154 28 25
 0.804016320755517 0.6460978515155632 -0.001125720645268773 6.259952618409021E-4 0.02 13800.0 197 251 95
 0.6634941421422454 0.45919161787988866 -7.927085921250483E-4 0.0022354148102689516 0.02 13800.0 21 45 138
 0.16163343616830117 0.6284082853357975 1.7591920424098358E-4 -0.0036161363014422807 0.02 13800.0 138 145 193
 0.43511261468340245 0.2545821876052374 -0.007783423904302304 -0.0018925208750530235 0.02 13800.0 202 84 141
 0.03228451186098755 0.6292638551439992 0.005389131502574904 0.006151497791575176 0.02 13800.0 153 118 146
 0.44464450824839963 0.4804064431884428 -1.293869806560672E-5 0.005473013366811875 0.02 13800.0 134 132 36
 0.2940903691219365 0.8719719722850776 1.5722255864081616E-4 0.0012906820845498945 0.02 13800.0 119 184 11
 0.876946472887797 0.37970740412113446 9.016965082422542E-4 0.007412715620562135 0.02 13800.0 32 229 220
 0.4525500706846047 0.9374416697387389 -0.003760840241800882 -0.0052282627211631275 0.02 13800.0 156 166 187
 0.10890465705492561 0.8984230964371859 -0.0021660194076501237 -0.00589681228321965 0.02 13800.0 63 107 202
 0.2646176308004759 0.60206645227408 0.005909761159590384 0.0014509668258363096 0.02 13800.0 183 39 132
 0.31223289129980303 0.6462343420252583 -8.859855023960522E-4 0.0029867064605242667 0.02 13800.0 207 126 40
 0.830647233743275 0.43900081651420125 0.0015145737446545951 0.003111369210520846 0.02 13800.0 178 229 130
 0.06023410571633819 0.9349037745011994 -0.0065547892150070565 0.0012366423665732583 0.02 13800.0 77 132 170
 0.18771164024594394 0.4583572629678118 0.0016405202516659892 3.907166254694793E-4 0.02 13800.0 38 170 73
 0.8857998132017554 0.5326842251409716 0.001036292237013908 1.4218170155575513E-4 0.02 13800.0 40 41 49
 0.15468498846322173 0.09894319040403994 -7.942484082799858E-4 -9.552700658347693E-4 0.02 13800.0 44 117 138
 0.03916231131249079 0.03225085169716006 5.601952379043111E-4 -0.003170229173990326 0.02 13800.0 135 183 155
 0.7319634166759407 0.15608342463659253 -0.0037782119874361078 -0.0014951751060590752 0.02 13800.0 113 213 216
 0.6870078465811958 0.7006344017817726 0.00758310964187062 -3.050794295655576E-4 0.02 13800.0 196 64 123
