19
.05 .01 0 .01 .01 1 200 0 0
.15 .01 0 .01 .01 1 200 0 0
.25 .01 0 .01 .01 1 200 0 0
.35 .01 0 .01 .01 1 200 0 0
.45 .01 0 .01 .01 1 200 0 0
.55 .01 0 .01 .01 1 200 0 0
.65 .01 0 .01 .01 1 200 0 0
.75 .01 0 .01 .01 1 200 0 0
.85 .01 0 .01 .01 1 200 0 0
.95 .01 0 .01 .01 1 200 0 0
.01 .1 .01 0 .01 1 0 0 200
.01 .2 .01 0 .01 1 0 0 200
.01 .3 .01 0 .01 1 0 0 200
.01 .4 .01 0 .01 1 0 0 200
.01 .5 .01 0 .01 1 0 0 200
.01 .6 .01 0 .01 1 0 0 200
.01 .7 .01 0 .01 1 0 0 200
.01 .8 .01 0 .01 1 0 0 200
.01 .9 .01 0 .01 1 0 0 200